= 1 1111111111 Augustani.

cnvn. -
11111 1111. 1. 111.

1111111111111111 111 Forderung 1111111111 Gropp 11111
1111111111 111Ι Grossaitingen.

1111 Hartman Μ11111 1111111 11111 lues Vergieh 111 Be-
11111 1111111111 1111111111 brief vor 111111111111111111 111 111111
111111 11111 111 1111111111 1111111111111111111111111 11111

1111111111Τ111111111111Τ111111111111111 Α1 1111511111 genn- , ,

11111 11111111111111111111 11 Groszaytingen 1111111111 11111111
gesessen 1111 111 111 81111 11 111 11111 11111111 1111 1111111111
1111111111 111 1111111111 11 11111 01111 Gropp 11 111 1111111111
111 111 1111111 11111111 11 Gronaynngen 11 haben vermaint
1111111 111 11111111 mein genfidiger 11111 1111111111111111 obge-
1111111 51111111 11 Ayt· en 111 111ζ1 1111111 5111111111-
11111111 11111111 11111Ν111111 1111Μ111 11111 cuonradum unger.
Β1111111 Μ111111, 111111 Ρ11111, 8111111111 111 0111111 1111111
111 Hyrloch 1111111111, 11111 8111111111 111 111111111181111111
1111111111111 11111 1111111 (1111111 8111111111 ,0111111 81111111
111 0111111 1111111111 11111 11111 11111111111111111111111111 111
11111111 wisan Steffan ssangenors 111 Α11111111Ρ11111111111
11111111111111111 111 1111111111 111 11111111 11111111 Augs·
purg gesproehon 111 111111111111111 1111111111 111111·
genanten bayd partyen 111 wir 111 1111111111111 11111 miden
1111111111111 1111111111 11111111111111111 gebeton 11111 111111
11111111 1111111111 11111111 1111111111 1111111111 1111111111
11111111 os 111111 11 1111111 111 3111111111 111 11111101111
Grop mit 1111111 angedingten 11111111111 111 1111111ί 111 111
11111 111111 11 1111111111 1111111511 111111111131111 11
111 111 11111 11111111 1115111111111111111111111111, 11 111 ·

50*

 

