apicem Angwtm 8⁶8

11111111111111111111111111ω1,1111111111, vad 1111 1111 1111111
gnadun 1111111111 (111 11111111 1111111111111111111111111
1111111111 1111111 11111 11111111, 111111 1111111111 11111111 go-
11111, 1115111111, 111 1111111111111111111111. nul multigo-
1111111111 1111111111, (11111111 wit 1111 1111111 guad 111 1111

1111111 11 1111111111 1111 111111 ,11 1111111 11111311111111111 Ι

11111111 111111111111111111111111, vnd 1111111111 1111111111-
1111111111 11 11111111 111111 1111111 111111 1111111111 111111, -So
1111111111 doch 1111111111 1111111111 11111 1111111 111111 1111 ‘ ·
111111111111111111 111111 Ι1111111111111 1111 1111111111 111·
· (11111111 ledig gelassen, 11111111 111111111111111111111111111111
11111 1111111 111 11111111 1111111111, 111111 1111111111 frey 1111-
111111 1111 11111111111, senon 11111111111111111, 111 1111111
ι 'ffidem afflante? 11111111 ιιξ11111 ο οἱ 181111 vm:¹ 111115ιῖ1111ὧάῗᾶ

11111101188111 ὥ1111116111 1111111311,ι 111 111111111111115 111111111-
mg 1111111111, Vnnd 111111 1111111111ς1111111 1111111111 11111(-
111111 1111111111 11111 1111111111 1111111111 111111 ς111111 11111
Ζ1111 ‘guidon 11111111 zu 1111111 11111111111111, die 1111 1111111

11111111111111111, 1111111111 111111 111111111111111111111 1111 ·

11111111, 1111111 wir (1111111 1111 gund 1111111111 111111 haben, ’
1111111111 11111111 guldin Biniseh 1111111 111, (1111111111111111
1111111, 111111 1111 111 111111111 111811111111111111131111111,
’11111 11111 11111 1111111 1111 1111111 1111111111 1111111 1111 11-
11111111, 111 1111111111 11111111ςά11 obgenanten 1111111111.
1111111111 111 11111111111181111 Μ111111111 1111111111 Vnnd
111111 1111111 gumen, (111 11111111111111, 1111111111111111-
1111 vs 11111111αά11 1111111111 11111 11111111Ι 111111, 1111 (111
1111111111 11 111111111111111. Wir gereden vnnd vorsprechen

· 1111 dem obgenanten 1111111 51111311 1111 111 1111111111, 111

11111111 3111111111 1111111, (111 wir 111111 3111111111 1111111
11111111111111 (11111111 1111 11111111 1111111111 1 1111

1111111 111111111111 gagen 111111 gumen. 11111 11111111 1 111 ·
111111 11111 1111111111· 11111 11111111 111 1111 111 lu, 1111 1111
111111111111111111 111111 111 1111111111 weg, 111111, (11111 111

 

