0010001000. 400 ,

000 rechten gerug 10110. 80 0110001001 000111 00 1001000101·
100 001 100 010 00 100 00110 001 dem rechten schulrig 0010,
10ηο0100010 0001100 00000001 001 110 nemag, 80 00 geoden
80100010100101 110ος01ομ 8011 00110 0011001000 ete. 8011011
0011100001000 000001 10100010 10 000001 1000111 0000001010,

100 00 100 genug geter 101, 100100 80 0100101010 100110101 ·

1001100 0000101100 01 meinent 10000 000 Augspu 100 8100
1010010000 0111001000 0050111000 000 0001001 0011 000 1000010001
10001, 100 son er Im 0011 0001110111θο 00000100001100, 1001 101
00 0010100 001 01 00 im in 00110100 00100000, 000 wem 100
10οἔ000000 worden 00000 010100010000000105000ος101010001
00 1111 getan 11011, 0011100100 10000010001000, 001 0000
001000 graden 1000100011 00011 wer 100011 worden 80 1011 00
1001 100 1010 0010010000 0001 10011 ,100 1001101010, 10000180
01111 ,1111’11111’,1131011111οὴθὲἷέ 11111111
werden 0011, 100100 1001001001 000 moine 0000 ,00011οςορ0ος
111111“11111111“111011121111011ῗῖ 01111111
111111111111111101111111111181* 1111111
000100100010500011 10100000 mog 1000101100 100 00 einer
brief 000 000100 80100100 101 1105010111οη 10 (10011ιο 00110100
10100 ewigen zeiten 001 000001011οη 001 00010011 Men nn

0001 0001000010οη, 100 00 dem Smyeher 110 0010ος 00011110

1000101100 0000010111οο 11011 01000 00 0011010 1000100101 100

mezen, 00000100 100 11151101 ἔο100000 001, 1000001 8οἳ010000 00

000 0000 rechten 801101οΙ0 00 10080001000011010010 100 0110·
sung 00010011 101, 010 0011001001 001100100101001015501100,

001 1000011101 gar 011 100000 001, 80 0011 100 80100100 0101110100 “

0100 011 dem rechten 00001001 werden, 100 00 00110100 1010111 100
10000 0101110000100001Ι,100011 10000 0010010000 000105000ος -
10001100 0001 110 1001001 100100101001015 gurdon 10000 001 ἰο-
100011 werde 0001 10011 1001001101010 01Ιο 1000 100 81000 00
000 10010100001 wegen 101 0000110001, 100 110, 010 0000110

 

