111’ 1111111-

111111111 111-1111111111 lusson. 1111 11111 111111111 eyn 11111
111111111111111111111111 111111 111 111 11 11111 1111111111
11111 1111111111 111 1111111111 1111111111 1111111 gewon-
111111111111111111111111111 worden 111 11111111111111111111 ·
1111111111, 1111 11111111 11111111 8111111111111111 11 (111 heiligen

¹ 111111 5111111 111 1111111111, 1111 1111111111111 haben 1111

111111. 1111111111 1111 1111111 811111 111 Μ111111111111-
111111 111111 Μ1111 111 111 111111111111111111811111111
5111111 1111 11 11111 ,1111111111 111 1111111111111. 0111
111 1111111 11111111111Ρ111111111111 1111 111111 Ν1111111111
111 11111111 111111111111111111 Ν1111111111 111111111111
guad, 111 111 11111111111111111111811111111. 1111111111, 111
· 1111111 1111111111111, 1111111 11111 11111111, 11181111111111111,
111 11111111 111111 1111111111, die frome 11111111111111111- ’

’ 1 111111111111111111111 111111 11111 1111 111111111111, 111 11

111 11111 11111111 1111111, Vnd 11111 11 1111111111 1111111 ·
Sumhofen, 111 111111 11111111 1111 1111111111, 8111111111
(11111111 11111, 1111111111 1111 1111111111 111 11111111111111,
1111 11111111111111111111111111111, 11111 1111111111 11111111,
als recht 11111 1111111 111. Vnd 1111 ι1111111111 11111111) 11111111
1 111111 1111111, 11111111111111111111111111111111, 11111 111111,

1111 11111111 11111111, Α1111111111,111111111, 1111111111111,
811111111, 1111111 111 1111111111, 1111111111 11111111 81111,

, 11111111111111111. 11111111111111111111 1111111 111 111

111111 11111111111 11111111111111 11111111 wesen, 111111 111
11111111 11111111. 111 11 1111, 111 1111111 11111 werdon,
1111111111 1111 1111111111 11111111111111 1111111111 1111111 1111
1111111111, 111111 111 11111111111111111 1111111111 11111
Ν111111111 1111 11111111 11 11111 1111111111 1111111111111
11111111 111 11111111111Μ1111111 111 8111111111 111 1111 Ν1111-
111111 111 1111 11111111 111111 1111111111111111111111111
1111111 111 111 111 11111111111111111111 1111111111111111111111
11111111, 1111 1111111111 11111111, 11 111111111, 1111111111
1111 11111111111111 wider 1111111 1111111111111111 gnada 11-
11111115 111 111111, 111111111111,-11111, 11111111 111111111111,

 

